12 8 9 10 6 

12 8 9 10 0 
12 8 9 10 1 
12 8 9 10 2 
12 8 9 10 3 
12 8 9 10 4 
12 8 9 10 5 
12 8 9 10 6 
12 8 9 10 7 
12 8 9 10 8 
12 8 9 10 9 
12 8 9 10 10 
12 8 9 10 11 
12 8 9 10 12 
6 12 9 10 8 

6 12 9 10 0 
6 12 9 10 1 
6 12 9 10 2 
6 12 9 10 3 
6 12 9 10 4 
6 12 9 10 5 
6 12 9 10 6 
6 12 9 10 7 
6 12 9 10 8 
6 12 9 10 9 
6 12 9 10 10 
6 12 9 10 11 
6 12 9 10 12 
6 8 12 10 9 

6 8 12 10 0 
6 8 12 10 1 
6 8 12 10 2 
6 8 12 10 3 
6 8 12 10 4 
6 8 12 10 5 
6 8 12 10 6 
6 8 12 10 7 
6 8 12 10 8 
6 8 12 10 9 
6 8 12 10 10 
6 8 12 10 11 
6 8 12 10 12 
6 8 9 12 10 

6 8 9 12 0 
6 8 9 12 1 
6 8 9 12 2 
6 8 9 12 3 
6 8 9 12 4 
6 8 9 12 5 
6 8 9 12 6 
6 8 9 12 7 
6 8 9 12 8 
6 8 9 12 9 
6 8 9 12 10 
6 8 9 12 11 
6 8 9 12 12 
6 8 9 10 12 

6 8 9 10 0 
6 8 9 10 1 
6 8 9 10 2 
6 8 9 10 3 
6 8 9 10 4 
6 8 9 10 5 
6 8 9 10 6 
6 8 9 10 7 
6 8 9 10 8 
6 8 9 10 9 
6 8 9 10 10 
6 8 9 10 11 
6 8 9 10 12 
Exchange 7S
